Project Members 
1.) Jasmine Talukder
2.) Sean Hargadon

URL git repository: http://gitlab.scss.tcd.ie/talukdej/lab-5.git

BFS  and DFS Solver
BFS Outputs:
maze1.txt: 
[0] maze1.txt:
(0,0) (0,1) (0,2) (1,2) (2,2)
4
0
[1] maze2.txt:
    (0,0) (1,0) (2,0) (3,0) (3,1) (3,2) (4,2) (4,3) (4,4) (4,5) (4,6)
    10
    0
[2] maze3.txt:
(0,0) (0,1) (0,2) (0,3) (1,3) (1,4) (0,4) (0,5) (0,6) (0,7) (0,8) (1,8) (1,7)
12
0
[3] maze4.txt:
(0,0) (0,1) (0,2) (0,3) (0,4) (0,5) (0,6) (0,7) (0,8) (0,9) (0,10) (0,11) (0,12) (0,13) (1,13) (2,13) (3,13) (4,13) (4,12) (5,12) (6,12) (6,11) (7,11) (7,10) (7,9) (7,8) (7,7) (7,6) (7,5) (7,4) (7,3) (7,2) (6,2) (5,2) (5,1) (4,1) (3,1) (3,0)
37
0
[4] nocycles1.txt:
(7,0) (8,0) (8,1) (8,2) (7,2) (6,2) (5,2) (5,3) (4,3) (3,3) (2,3) (1,3) (1,4) (2,4) (3,4)   (3,5) (3,6) (3,7) (3,8) (4,8) (4,9) (3,9) (2,9) (1,9) (1,8) (0,8) (0,9)
26
0
[5] nocycles2.txt:
(14,19) (14,18) (13,18) (13,17) (13,16) (12,16) (12,15) (12,14) (12,13) (13,13) (14,13) (14,12) (13,12) (12,12) (11,12) (10,12) (9,12) (9,11) (9,10) (8,10) (8,9) (8,8) (8,7) (8,6) (8,5) (7,5) (7,6) (6,6) (6,7) (5,7) (5,8) (5,9) (5,10) (5,11) (4,11) (3,11) (3,10) (2,10) (2,9) (1,9) (0,9) (0,8) (1,8) (2,8) (2,7) (3,7) (3,6) (3,5) (3,4) (2,4) (1,4) (1,3) (0,3) (0,2) (0,1) (1,1) (1,0) (0,0)
57
0
[6] nopath1.txt:
    (0,0) 
    0
    0
[7] nopath2.txt:
(0,0) 
    0
    0
[8] obstacles1.txt:
(0,0) (0,1) (0,2) (0,3) (1,3) (2,3) (3,3)
6
0
[9] obstacles2.txt:
(2,2) (2,3) (3,3) (3,4) (3,5) (3,6) (3,7) (3,8) (3,9) (3,10) (3,11) (3,12) (4,12) (5,12) (5,13) (5,14) (5,15) (6,15) (7,15) (8,15) (9,15) (10,15) (11,15) (12,15) (13,15)
24
0
[10] bigmaze1.txt:
(0,0) (0,1) (0,2) (0,3) (0,4) (0,5) (0,6) (0,7) (0,8) (0,9) (0,10) (0,11) (0,12) (0,13) (1,13) (2,13) (3,13) (4,13) (4,12) (5,12) (6,12) (6,11) (6,10) (5,10) (5,9) (6,9) (6,8) (5,8) (5,7) (5,6) (6,6) (7,6) (7,5) (7,4) (7,3) (7,2) (6,2) (5,2) (5,1) (4,1) (3,1) (3,0)
41
0
[11] bigmaze2.txt:
(0,0) (0,1) (0,2) (0,3) (0,4) (0,5) (1,5) (1,6) (1,7) (2,7) (3,7) (3,8) (3,9) (3,10) (3,11) (3,12) (2,12) (2,13) (3,13) (3,14) (3,15) (2,15) (2,16) (2,17) (2,18) (3,18) (3,19) (3,20) (3,21) (4,21) (4,22) (5,22) (6,22) (6,23) (6,24) (6,25) (6,26) (6,27) (6,28) (7,28) (7,29) (8,29) (9,29)
42
0
[12] bigmaze3.txt:
(0,9) (1,9) (1,8) (2,8) (2,7) (2,6) (3,6) (4,6) (5,6) (5,5) (6,5) (7,5) (8,5) (8,4) (7,4) (7,3) (8,3) (9,3)
17
0    
[13] bigmaze4.txt:
(2,0) (3,0) (3,1) (3,2) (4,2) (4,3) (4,4) (4,5) (5,5) (6,5) (6,6) (6,7) (7,7) (8,7) (8,8) (9,8) (9,9) (8,9) (8,10) (9,10)
19
0
[14] bigmaze5.txt:
(5,17) (4,17) (3,17) (3,16) (3,15) (3,14) (3,13) (3,12) (3,11) (3,10) (3,9) (2,9) (2,8) (2,7) (2,6) (1,6) (1,5) (1,4) (1,3) (1,2) (0,2) (0,1)
21
0
[15] bigmaze6.txt:
(0,0) (1,0) (1,1) (1,2) (1,3) (1,4) (1,5) (2,5) (3,5) (3,4) (4,4) (4,5) (4,6) (5,6) (6,6) (6,5)
15
0
[16] bigmaze7.txt:
(0,5) (1,5) (2,5) (2,4) (2,3) (2,2) (2,1) (3,1) (4,1) (5,1) (6,1) (6,2) (7,2) (7,3) (7,4) (7,5) (7,6) (8,6) (8,7) (9,7) (10,7) (11,7) (12,7) (12,6) (13,6) (13,7) (14,7) (15,7) (16,7) (17,7) (17,6) (18,6) (18,7) (19,7)
33
0
[17] bigmaze9.txt: 
(0,0) (0,1) (0,2) (1,2) (1,3) (0,3) (0,4) (0,5) (0,6) (1,6) (2,6) (2,5) (3,5) (3,6) (3,7) (3,8) (3,9) (4,9) (4,10) (5,10) (6,10) (6,9) (7,9) (7,8) (7,7) (8,7) (9,7) (9,8) (10,8) (11,8) (11,9) (11,10) (12,10) (12,11) (13,11) (13,12) (13,13) (13,14) (14,14) (14,15) (14,16) (13,16) (13,17) (14,17) (15,17) (15,18) (16,18) (17,18) (18,18) (19,18) (20,18) (21,18) (21,19) (22,19) (23,19) (24,19) (24,20) (25,20) (25,21) (25,22) (26,22) (27,22) (28,22) (28,23) (29,23) (30,23) (31,23) (31,24) (32,24) (32,25) (32,26) (32,27) (31,27) (30,27) (29,27) (29,28) (29,29) (30,29) (30,30) (31,30) (32,30) (33,30) (34,30) (34,31) (35,31) (36,31) (37,31) (37,32) (37,33) (37,34) (38,34) (38,35) (38,36) (38,37) (39,37) (39,38) (39,39)
96
0

DFS Outputs:
[0] maze1.txt:
    (0,0) (1,0) (2,0) (3,0) (3,1) (3,2) (2,2)
    6
    13
[1] maze2.txt:
    (0,0) (1,0) (2,0) (3,0) (3,1) (3,2) (4,2) (4,3) (4,4) (4,5) (4,6)
    10
    13
[2] maze3.txt:
(0,0) (1,0) (1,1) (2,1) (2,2) (1,2) (1,3) (1,4) (2,4) (3,4) (3,3) (3,2) (3,1) (3,0) (4,0) (5,0) (6,0) (7,0) (7,1) (7,2) (7,3) (7,4) (7,5) (7,6) (7,7) (7,8) (7,9) (6,9) (5,9) (5,8) (4,8) (3,8) (3,9) (2,9) (1,9) (0,9) (0,8) (1,8) (1,7)
38
53
[3] maze4.txt:
(0,0) (0,1) (0,2) (0,3) (0,4) (0,5) (0,6) (0,7) (0,8) (0,9) (0,10) (0,11) (0,12) (0,13) (1,13) (2,13) (3,13) (4,13) (4,12) (5,12) (6,12) (6,11) (6,10) (7,10) (7,9) (7,8) (7,7) (7,6) (7,5) (7,4) (7,3) (7,2) (6,2) (5,2) (5,1) (4,1) (3,1) (3,0)
37
83
[4] nocycles1.txt:
(7,0) (8,0) (8,1) (8,2) (7,2) (6,2) (5,2) (5,3) (4,3) (3,3) (2,3) (1,3) (1,4) (2,4) (3,4) (3,5) (3,6) (3,7) (3,8) (4,8) (4,9) (3,9) (2,9) (1,9) (1,8) (0,8) (0,9)
26
85
[5] nocycles2.txt:
(14,19) (14,18) (13,18) (13,17) (13,16) (12,16) (12,15) (12,14) (12,13) (13,13) (14,13) (14,12) (13,12) (12,12) (11,12) (10,12) (9,12) (9,11) (9,10) (8,10) (8,9) (8,8) (8,7) (8,6) (8,5) (7,5) (7,6) (6,6) (6,7) (5,7) (5,8) (5,9) (5,10) (5,11) (4,11) (3,11) (3,10) (2,10) (2,9) (1,9) (0,9) (0,8) (1,8) (2,8) (2,7) (3,7) (3,6) (3,5) (3,4) (2,4) (1,4) (1,3) (0,3) (0,2) (0,1) (1,1) (1,0) (0,0)
57
280
[6] nopath1.txt:
    (0,0)
    0
    16
[7] nopath2.txt:
(0,0)
    0
    288
[8] obstacles1.txt:
(0,0) (1,0) (2,0) (3,0) (3,1) (3,2) (3,3)
6
7
[9] obstacles2.txt:
(2,2) (2,1) (2,0) (3,0) (4,0) (5,0) (6,0) (7,0) (8,0) (9,0) (10,0) (11,0) (12,0) (13,0) (14,0) (14,1) (14,2) (14,3) (14,4) (14,5) (14,6) (14,7) (14,8) (14,9) (14,10) (14,11) (14,12) (14,13) (14,14) (14,15) (13,15)
30
250
[10] bigmaze1.txt:
(0,0) (0,1) (0,2) (0,3) (0,4) (0,5) (0,6) (0,7) (0,8) (0,9) (0,10) (0,11) (0,12) (0,13) (1,13) (2,13) (3,13) (4,13) (4,12) (5,12) (6,12) (6,11) (6,10) (5,10) (5,9) (6,9) (6,8) (5,8) (5,7) (5,6) (6,6) (7,6) (7,5) (7,4) (7,3) (7,2) (6,2) (5,2) (5,1) (4,1) (3,1) (3,0)
41
87
[11] bigmaze2.txt:
(0,0) (1,0) (2,0) (3,0) (4,0) (4,1) (5,1) (5,0) (6,0) (6,1) (7,1) (8,1) (8,2) (7,2) (7,3) (8,3) (9,3) (9,4) (8,4) (7,4) (7,5) (6,5) (6,6) (7,6) (7,7) (7,8) (7,9) (8,9) (8,8) (9,8) (9,9) (9,10) (9,11) (8,11) (8,12) (8,13) (9,13) (9,14) (9,15) (8,15) (8,16) (7,16) (7,17) (8,17) (8,18) (8,19) (8,20) (9,20) (9,21) (9,22) (9,23) (9,24) (9,25) (9,26) (8,26) (8,27) (8,28) (9,28) (9,29)

58
76
[12] bigmaze3.txt:
(0,9) (0,8) (0,7) (0,6) (1,6) (2,6) (2,5) (3,5) (3,4) (3,3) (2,3) (2,2) (3,2) (4,2) (4,3) (5,3) (6,3) (6,4) (6,5) (7,5) (8,5) (8,4) (7,4) (7,3) (8,3) (9,3)
25
49
[13] bigmaze4.txt:
(2,0) (3,0) (3,1) (4,1) (5,1) (5,0) (6,0) (6,1) (6,2) (6,3) (6,4) (5,4) (5,3) (4,3) (4,4) (4,5) (5,5) (6,5) (6,6) (7,6) (7,7) (8,7) (8,8) (9,8) (9,9) (8,9) (8,10) (9,10)
27
50
[14] bigmaze5.txt:
(5,17) (4,17) (3,17) (3,16) (3,15) (3,14) (3,13) (3,12) (3,11) (3,10) (3,9) (3,8) (2,8) (2,7) (2,6) (2,5) (3,5) (3,4) (3,3) (2,3) (2,4) (1,4) (1,3) (1,2) (1,1) (0,1)
25
63
[15] bigmaze6.txt:
(0,0) (1,0) (1,1) (1,2) (1,3) (1,4) (1,5) (2,5) (3,5) (3,4) (4,4) (4,5) (4,6) (5,6) (6,6) (6,5)
15
33
[16] bigmaze7.txt:
(0,5) (0,4) (1,4) (1,3) (1,2) (2,2) (2,1) (3,1) (4,1) (5,1) (6,1) (7,1) (8,1) (9,1) (10,1) (10,2) (10,3) (10,4) (10,5) (11,5) (11,6) (11,7) (12,7) (12,6) (13,6) (13,7) (14,7) (14,6) (14,5) (14,4) (15,4) (15,3) (15,2) (16,2) (16,3) (17,3) (18,3) (18,4) (18,5) (18,6) (18,7) (19,7)
41
90
[17] bigmaze9.txt: 
(0,0) (0,1) (0,2) (1,2) (1,3) (1,4) (0,4) (0,5) (0,6) (1,6) (2,6) (2,5) (3,5) (3,6) (3,7) (3,8) (3,9) (4,9) (5,9) (5,10) (6,10) (6,9) (7,9) (7,8) (7,7) (8,7) (9,7) (9,6) (9,5) (10,5) (11,5) (12,5) (12,4) (13,4) (13,3) (13,2) (12,2) (12,1) (13,1) (14,1) (15,1) (16,1) (17,1) (18,1) (18,2) (18,3) (17,3) (17,4) (17,5) (16,5) (15,5) (15,6) (16,6) (16,7) (17,7) (18,7) (19,7) (20,7) (20,6) (20,5) (20,4) (21,4) (21,5) (22,5) (22,6) (22,7) (22,8) (23,8) (24,8) (24,7) (24,6) (25,6) (25,5) (24,5) (24,4) (23,4) (23,3) (23,2) (23,1) (23,0) (24,0) (25,0) (26,0) (26,1) (26,2) (27,2) (27,1) (28,1) (29,1) (30,1) (31,1) (32,1) (32,2) (31,2) (30,2) (30,3) (29,3) (29,4) (29,5) (30,5) (31,5) (31,4) (32,4) (32,3) (33,3) (33,4) (33,5) (34,5) (35,5) (35,4) (36,4) (37,4) (38,4) (38,5) (38,6) (38,7) (38,8) (39,8) (39,9) (39,10) (39,11) (39,12) (39,13) (39,14) (38,14) (38,15) (38,16) (38,17) (38,18) (38,19) (37,19) (36,19) (36,18) (35,18) (35,17) (35,16) (36,16) (36,15) (36,14) (35,14) (34,14) (34,13) (34,12) (33,12) (33,11) (33,10) (33,9) (33,8) (33,7) (32,7) (32,6) (31,6) (30,6) (30,7) (30,8) (29,8) (29,9) (28,9) (28,10) (29,10) (30,10) (31,10) (31,11) (30,11) (30,12) (31,12) (31,13) (30,13) (29,13) (29,14) (30,14) (31,14) (32,14) (32,15) (32,16) (32,17) (31,17) (31,18) (30,18) (29,18) (29,17) (29,16) (28,16) (28,17) (27,17) (27,18) (26,18) (26,19) (25,19) (24,19) (24,18) (24,17) (24,16) (23,16) (22,16) (22,17) (21,17) (21,18) (21,19) (21,20) (20,20) (20,21) (21,21) (21,22) (22,22) (23,22) (23,23) (24,23) (25,23) (25,22) (26,22) (27,22) (28,22) (28,23) (29,23) (30,23) (31,23) (31,24) (32,24) (32,25) (32,26) (32,27) (31,27) (30,27) (29,27) (29,28) (29,29) (30,29) (30,30) (31,30) (32,30) (33,30) (34,30) (34,29) (35,29) (35,28) (36,28) (37,28) (38,28) (38,29) (37,29) (37,30) (37,31) (37,32) (37,33) (37,34) (38,34) (38,35) (38,36) (38,37) (39,37) (39,38) (39,39)
252
506
BFS vs DFS
[0] maze1.txt: BFS is better
[1] maze2.txt: BFS is better
[2] maze3.txt: BFS is better
[3] maze4.txt: BFS is better
[4] nocycles1.txt: DFS is better
[5] nocycles2.txt: DFS is better
[6] nopath1.txt: DFS is better
[7] nopath2.txt: DFS is better
[8] obstacles1.txt: BFS is better
[9] obstacles2.txt: BFS is better
[10] bigmaze1.txt: DFS is better
[11] bigmaze2.txt: DFS is better
[12] bigmaze3.txt: DFS is better
[13] bigmaze4.txt: DFS is better
[14] bigmaze5.txt: DFS is better
[15] bigmaze6.txt: DFS is better
[16] bigmaze7.txt: DFS is better
[17] bigmaze9.txt: DFS is better

BFS solver is more likely to be better:
Simple mazes or mazes in which the solution(“donut”) is not far from the start of the maze, a breadth first search (BFS) might be better.
DFS solver is more likely to be better:
    For big and complicated mazes, DFS would be better because BFS would take too long. As well as mazes with no paths simply because DFS will let us know faster that no paths exist.

VISUALISER
(BONUS)

Include instructions on how to run the visualisation:
1.Select the menu Project -> Properties.
2. Double click “MazeRunnerLauncher”.
3. In the right part of the same window select the Arguments tab. You enter you commands in the “Program arguments” section.
4. If you wanna run a bfs solver, type “-BFS”, but if you wanna run a dfs solver, type “-DFS” , followed by “-v” and finally the maze filename with its location. e.g “sample-inputs/maze1.txt” It’s simple!

